53705
20672
95697
10768
77879
73660
96526
10307
58418
10949
97562
10189
10760
22617
57764
73391
87891
74500
77684
93605
94021
10977
66455
61994
84970
66168
99734
71582
58691
96299
90103
38698
39923
21243
47412
41808
63047
21391
75739
41263
36373
96162
30736
37691
53413
59770
86789
80696
68162
23597
60449
80663
23392
33256
49009
14714
95777
48743
76297
54468
51394
66400
89518
81318
83995
36931
23126
53395
54674
95218
91010
81047
91380
21746
25090
44793
71516
18232
31841
46030
31829
82290
26694
51573
21899
72055
56287
17676
20799
32584
62144
68545
95337
51663
49863
85684
84946
62990
39079
45972
58208
30089
27019
55940
41836
48461
90734
19704
56693
28927
55735
78522
17570
78781
30095
29469
50836
82735
37145
67987
15319
95641
36533
17008
47304
76396
92693
38602
45738
31772
74574
10298
58214
97945
62591
90050
52759
59677
16106
99452
78604
61841
84327
86174
46974
20774
21995
87811
93509
49140
62150
15181
44782
88683
22189
88438
71432
14882
33393
23522
43007
97967
30173
91221
12265
82764
87623
55024
42441
93729
54476
27397
61923
45155
19924
98897
62282
31919
93060
55791
71060
55211
67324
22194
50246
79514
16984
28030
90748
46729
41553
40107
44697
68078
31328
53314
57194
18951
98338
95987
19033
59166
23384
70956
94322
33308
76205
56604
55228
69266
18747
32640
30829
76072
51186
71075
61938
64522
95458
59038
11252
37011
89146
52301
11441
20474
95615
58635
35778
93953
54622
51163
59471
74358
28471
53793
97667
94676
16749
59247
70294
31849
88239
97475
14273
45777
74903
72563
16651
70361
31601
24255
13724
27099
66556
15165
43926
68523
70152
76056
68828
24774
27219
28300
89132
45690
78445
93151
46718
91547
58750
17013
29748
53341
20840
34021
95470
85743
12936
12122
56104
40889
32729
66180
57989
95638
71345
91915
64161
47849
74323
39342
62623
91542
63994
58108
43584
42439
57611
80302
40338
22714
93667
60086
66055
14508
90459
67878
96603
99747
76352
59060
40637
99081
25240
88626
94719
92938
86893
65233
40787
61216
10927
93411
59110
64921
57871
92694
13712
21834
72996
44051
34548
66664
10489
96956
77524
97301
64834
74127
97048
41186
33187
37685
46619
54780
32663
47691
47718
25908
12924
78505
83476
20203
78268
42586
75124
36139
35280
78836
54326
14629
29239
78874
77645
36081
75830
55169
33382
47016
35648
30430
84554
65188
64468
31174
19968
93483
68865
57686
19392
78141
36191
92868
88344
20812
35455
69820
53303
67087
48656
97629
71716
74248
76504
49361
10329
58686
10882
33711
95703
42883
60493
86609
98071
31313
17783
18039
24797
83000
72077
34189
61141
14620
33409
55837
25432
58864
25657
68736
32304
70666
72717
94020
44914
49221
49734
45243
14260
56968
75306
16315
89851
42151
92924
87922
63465
17060
12313
78262
90060
80742
12451
57554
85363
35860
13391
10795
91077
35401
75883
23381
96067
48601
23753
47333
94174
69839
82576
14786
26808
64234
21101
23011
96385
20378
10934
59850
27438
19599
38112
23850
90342
46915
71404
75705
79128
81148
82852
76557
16549
65088
96290
18968
13689
26395
56301
14215
86235
38877
19002
19395
99463
36455
32406
95848
46833
39692
62051
64271
49292
96515
78122
45986
49783
55878
28043
28911
37026
10895
11820
49927
65983
98110
58895
76024
30857
15196
80240
17092
50425
95594
26487
49888
32049
48894
52089
68883
84938
14140
39506
34230
10655
23980
76568
56790
69859
94611
82053
13237
95507
83873
53165
67842
88335
12060
50219
19193
17257
36811
32637
57682
32405
49125
13923
54454
94371
56012
29689
79309
60152
65548
19892
67159
79528
86460
30302
55739
81072
12355
65329
82931
86229
18494
57125
80916
26906
97344
90109
40515
40507
22747
88198
62912
68224
98473
23719
68947
54485
43408
54608
20989
15308
64500
84500
84837
57313
14802
46928
44737
17158
18609
34020
99739
27103
81145
87007
50362
84842
83469
80877
25349
96216
75427
84614
70792
73900
98333
46091
28385
48093
90699
45726
53402
61552
30227
44591
25217
41381
87871
59954
54891
96481
83974
54630
23584
71471
47990
70298
62665
31459
51176
84367
34027
