5572687732
5540958947
5577873892
5565488542
5525399782
5535912833
5510702228
5592019419
5529125890
5555634275
5540092806
5578867648
5510634564
5517928723
5595322218
5510227388
5588784110
5578746637
5527235984
5562315773
5559784650
5515897298
5585601374
5597844245
5532856462
5566486973
5513589675
5535641714
5531346761
5528885679
5537369465
5562024728
5510597441
5570691062
5523871001
5559094713
5510489855
5528834046
5556206164
5549586432
5576871070
5515494291
5530439239
5572135055
5558764537
5525984291
5513783552
5550996794
5584911818
5512192009
5535973953
5549087773
5583232996
5514164859
5571851591
5578723315
5518982875
5594397661
5516328796
5551066381
5510100929
5551628961
5578878983
5570681090
5527207166
5575355800
5515146061
5529071062
5528091715
5523764375
5570138577
5510469451
5551002454
5510848596
5529806135
5510941200
5570917898
5545664476
5515938500
5569338925
5520307202
5573221020
5519951081
5555124373
5596022501
5555854938
5511903728
5523439815
5574136909
5523722583
5563579056
5510852734
5541022452
5581182103
5523167010
5546039004
5577341547
5582794507
5510996228
5580176377
5555441052
5515181572
5577227908
5531242973
5569034957
5570305307
5585831005
5597337633
5556096021
5595321628
5520154516
5530475991
5514508273
5550727386
5543558041
5512859179
5523575636
5535227276
5514452634
5528117268
5510571390
5527119827
5529461048
5555637178
5519401776
5582449583
5593809865
5510917208
5532794971
5578228268
5559178866
5543192040
5584087383
5545328820
5588175322
5572641087
5589588489
5534783047
5562919234
5574684085
5510096104
5570124184
5529827282
5510101259
5558787173
5595675735
5575836570
5537157589
5535824627
5519035800
5562397133
5516207805
5528013734
5562991032
5525876740
5510128106
5532741538
5596266384
5521271088
5595724738
5590837945
5588265639
5554263797
5580334188
5519839838
5561285363
5590256564
5538452457
5585666966
5587031047
5558368740
5524074524
5543095669
5512221002
5546729830
5585001382
5586248887
5591813298
5579138219
5526185628
5567189811
5588445907
5593672770
5562984854
5541722184
5542944003
5551448861
5510275702
5541402808
5556383920
5563016108
5579328916
5510313547
5594081371
5550071007
5577062804
5590272379
5570786373
5520507641
5527107228
5593002400
5577713273
5518577018
5545389057
5559355495
5558551565
5594355511
5557541051
5544395163
5596131020
5584802283
5598184357
5544228443
5594121402
5517104819
5560995564
5548475083
5535703995
5555608105
5510443927
5570512560
5575204764
5530495078
5510317794
5533229055
5515107747
5573868885
5510426414
5560055937
5513834773
5593183857
5517391662
5549425226
5577225216
5597914014
5537643898
5523858877
5510804926
5561222242
5533066504
5591895102
5569344088
5512501012
5574142390
5546152183
5519608942
5531918519
5515583350
5523643114
5553744779
5599135800
5517524850
5554431012
5541479022
5510623100
5577622535
5573112103
5588152002
5558673168
5574285833
5588021643
5564711528
5528942278
5597461099
5510770216
5593067937
5596008777
5584334892
5532105053
5510373136
5537178406
5589041011
5560012367
5578306654
5514239304
5525427841
5574753891
5595471067
5554773422
5564315775
5563254331
5521305532
5552475733
5542525175
5542145683
5527154981
5528718815
5575012841
5515303828
5552281083
5547566556
5545908921
5561579477
5514561815
5510725124
5510333859
5573142108
5510937107
5594766547
5587144647
5510923894
5530841378
5569013114
5510528667
5510759777
5580997239
5529718827
5559073046
5571992418
5577651830
5549461047
5519546458
5598273372
5593357632
5598598706
5552393177
5553088202
5547855596
5520911138
5510654361
5539556036
5538005505
5512166433
5598142120
5554164044
5551823476
5578112475
5591548021
5580925927
5565652912
5519666415
5510980282
5538631033
5532372833
5597669262
5514082528
5548906148
5556596473
5580009198
5518957315
5562735912
5596056973
5577071816
5543711224
5529337142
5593733655
5563822336
5579361329
5543357248
5526641050
5531665672
5588843731
5511281373
5557692555
5589907814
5536975779
5591908296
5519005318
5566706341
5513707527
5536799038
5527885643
5584081096
5535984295
5540938180
5576612671
5589854766
5596118141
5516799960
5572312988
5576816211
5572039829
5545361349
5510114317
5585216735
5576046631
5526821096
5510248189
5520742954
5537314421
5524815233
5532321017
5527137750
5583478625
5510351638
5516687513
5511966699
5510216102
5554761025
5526088841
5585879049
5587996847
5548127821
5594871013
5522905692
5593906734
5518401916
5533315727
5588206840
5575714600
5576822597
5525937451
5580403050
5574763612
5571936020
5554884606
5541039390
5555747381
5532617265
5510937125
5588521000
5595694607
5535363274
5594053207
5556174171
5581957410
5543704181
5530926218
5559278372
5568424092
5541281984
5524656958
5515247432
5595575555
5595464033
5529461083
5561717587
5510404758
5548277597
5553071011
5584231021
5512659610
5531788925
5554231265
5533643590
5539378164
5569279183
5514969439
5520138160
5518621096
5597591090
5592794360
5571079020
5569403019
5510174353
5537124477
5510295751
5552472913
5512961091
5550088904
5549134915
5535449262
5510671056
5596952395
5510395246
5536536103
5541898724
5524483257
5510190686
5535387921
5525037005
5542538174
5521823095
5516057940
5510464651
5553246248
5545867548
5583175200
5511665385
5539692885
5560701503
5586896868
5542544564
5510854469
5522381094
5514837698
5532267001
5595884175
5551695419
5533006920
5533885725
5592077917
5538377629
5584069201
5544895211
5510944721
5546219265
5589881572
5524895678
5514841449
5565867619
5525751046
5510447105
5534623018
5522331302
5546611271
5518074649
5564551272
5529888688
5510736277
5510580832
5583892751
5529304270
5596687185
5526733887
5521322766
5530852051
5552231632
5522571185
5584713924
5510142103
5539203284
5544826002
5520396063
5567061782
5511031484
5592364701
5528104359
5578898242
5510592924
5510178938
5539326311
5521484300
5539022796
5566911695
5537093807
5565179354
5540697003
5553326817
5586626860
5596986925
5577563989
5558861680
5579988844
5566421124
5537113035
5510195849
5594027091
5547011058
5552855383
5523053056
5541167290
5569124409
5556512380
5592662639
5517693804
5582495567
5566158300
5510119917
5548918363
5541844547
5586215997
5563942708
5510915153
5572902126
5582336323
5552251025
5546577149
5521745211
5525638861
5510030878
5591398858
5568941271
5560779235
5510244109
5576953937
5583423652
5594445560
5510130730
5525945308
5553083237
5535566789
5510393839
5518659651
5584588080
5545862069
5578762139
5574761059
5578897195
5596207614
5548623704
5563962110
5562083332
5533296581
5512978369
5535806771
5587051019
5530291076
5560089081
5510242503
5531649671
5579899953
5533961845
5510157188
5598669009
5525244678
5529568697
5582261241
5579903185
5510176677
5540054410
5564242785
5521079747
5536546837
5524343274
5598626642
5576312233
5521242195
5518251764
5583938103
5599459073
5573092927
5510571004
5514271055
5564133610
5586505263
5549344779
5538471991
5583825012
5510458487
5590789919
5598427750
5576685126
5541764339
5511821860
5511251035
5517648080
5537938282
5561544008
5597381970
5580602476
5555259057
5524604036
5512295238
5590613969
5590495405
5581721038
5574211122
5568054541
5510793904
5576314073
5519038318
5590391212
5568243153
5542605869
5554699892
5510484170
5579367131
5546824185
5587736509
5548856412
5534475493
5539799409
5564795805
5580067156
5562201282
5510861900
5539598650
5518677313
5539423750
5510858450
5533521595
5545202830
5559985852
5578898597
5589421782
5591887928
5511953747
5563721923
5548021075
5535644060
5526353986
5534371718
5576293217
5590607896
5590982874
5563326202
5511236372
5519557399
5588112133
5510651485
5597853328
5544608425
5542373738
5577455218
5591548099
5565523623
5593631025
5528551210
5582017571
5523682237
5586882456
5579831597
5569513127
5553861034
5514057432
